"","donor","tissue","age_mid","Residuals"
"TADA3",0.0627018220019663,0.307840674926484,0.0182184311238565,0.611239071947693
"RAI14",0.0107488842959271,0.93786343612258,0.00193306429311986,0.0494546152883733
"RNU6-312P",0.0574781092321174,0.519686724780249,0.0121420749979129,0.410693090989721
"LAMTOR2",0.0642439516309597,0.30269560566539,0.0164145183206255,0.616645924383025
"RASAL2",0.00579781995597289,0.941296553538816,7.11724706105405e-05,0.0528344540346001
"USP1",0.0158860171787744,0.671469794778622,0.00179890539897736,0.310845282643626
"BCL2L11",0.0167045930548881,0.57384921824232,4.11000244140015e-05,0.409405088678378
"PLRG1",0.00691217684204124,0.819297665205222,0.00139189498982617,0.17239826296291
"LAPTM5",0.0109373743010333,0.900070297143205,0.000115008138165935,0.0888773204175952
"CETN3",0.0293223892427972,0.873596173009053,0.000880286671899853,0.0962011510762502
"HAND2",0.0147051801297949,0.808662934948408,0.000661129661805343,0.175970755259992
"MCEE",0.00875069902729194,0.849538916252127,0.000775400258773874,0.140934984461807
"CH17-472G23.2",0.0834846955082275,0.701301193129573,0.000559681714033507,0.214654429648166
"RACK1",0,0.573083901210268,3.2011068165313e-05,0.426884087721567
"FMO5",0.0353323511831832,0.747882425342386,0.00161609804555171,0.215169125428879
"SELENBP1",0.0471519900069426,0.609915449222027,0.000116258251255296,0.342816302519775
"FAHD2A",0.0109076446722153,0.879020017266666,0.000948930628635477,0.109123407432484
"RP1-40E16.12",0.23189945585061,0.369609268743389,2.95053673595961e-05,0.398461770038642
"EXOC3-AS1",0.0731849650604542,0.721994130915947,2.14939395107677e-06,0.204818754629648
"RSBN1",0.0539514829002684,0.307649477500559,0.00196635097786277,0.63643268862131
"NEK1",0.0298477672260195,0.864038364706737,0.000182423239881592,0.105931444827362
"ZNF436-AS1",0.030161794931371,0.832113944083741,0.00181934942525209,0.135904911559636
"KCNQ4",0.00392025378800902,0.84814989126165,0.000922861214385634,0.147006993735955
"MAP4K4",0.0438171390066679,0.423283258232273,0.000991616765816272,0.531907985995243
"DHDDS",0.0159355786938746,0.836275242718925,0.00178605475793329,0.146003123829267
"ANKRD37",0.0876062458752995,0.630610920389461,0.0144888008168262,0.267294032918413
"RNF25",0.0212808971340137,0.696360171938816,0.00423080341277898,0.278128127514391
"LIN54",0.0237481741604214,0.37204214988727,6.45347085137517e-05,0.604145141243795
"RP11-552M11.4",0.0203437325351632,0.542479322024408,1.96549723884705e-05,0.43715729046804
"PRUNE1",0.00348350942337609,0.685499004857538,0.00260635199575953,0.308411133723327
"LGALS8",0.0264371037462012,0.773946412598907,5.13677039861505e-05,0.199565115950905
"CHN1",0.00721915931263641,0.908416974760746,0.000180922411458474,0.0841829435151595
"PER2",0.0972885103719919,0.674190124903291,0.0126608215941419,0.215860543130575
"FBXO45",0.014761039279517,0.795968955654369,0.00260736079539154,0.186662644270722
"FILIP1L",0.0312197814463497,0.866190298764187,0.0026072039653584,0.0999827158241047
"LRRC8D",0.0102862554486795,0.538688763980796,0.0030029905791909,0.448021989991334
"NBPF9",0.0152421941650904,0.878190731239351,0.00119603296642622,0.105371041629133
"ECT2",0.0569850596104417,0.684539241742448,0.000149487910658953,0.258326210736451
"RP4-794H19.1",0.00317495495846155,0.687724497035504,8.08063186768343e-06,0.309092467374166
"C5orf63",0.0302839080382708,0.827003542358247,1.21822221574431e-05,0.142700367381325
"ARSB",0.0313931538737339,0.695513808726809,0.000121469593830677,0.272971567805627
"LAMB3",0.0202836147534284,0.805456824915424,0.00074530729104907,0.173514253040099
"PCDHB16",0.0452610752894694,0.839541348895826,0.00919360380503957,0.106003972009665
"ELP6",0.0647461706992793,0.732593943812512,0.00301730723132779,0.199642578256881
"BX470102.3",0,0.550731592194932,0.00242943974979021,0.446838968055278
"TXNDC5",0.0169190080859834,0.771080771476974,0.00114070816358544,0.210859512273458
"DPH2",0.0289739941772303,0.653631387045446,0.00109654651772188,0.316298072259602
"ACAP3",0.0676836333689357,0.72573649547264,0.00103231644698048,0.205547554711444
"TAP1",0.0226960856764509,0.695216128909432,9.75955789693918e-06,0.28207802585622
"TNFRSF25",0.068870348166357,0.742557117866008,0.00267986862883291,0.185892665338802
"RP11-395A13.2",0.072043876355329,0.518485731275547,3.26401309983829e-05,0.409437752238126
"PRELP",0.0284151497066881,0.898306545923735,0.000678417097507082,0.0725998872720703
"AC074117.10",0.0392403865393145,0.768089296146079,0.00128237347549804,0.191387943839109
"ERBIN",0.0125302360916767,0.556456855559076,0.000142499600273948,0.430870408748974
"RAC1P2",0.167161588588528,0.203559847535458,0.00634904324566794,0.622929520630347
"ZNF852",0.0187558768891595,0.606968024648871,0.000344245806183004,0.373931852655786
"RP11-54O7.3",0.0274140628553189,0.700252177148402,0.0189444549658721,0.253389305030407
"MCUB",0.0192352476131517,0.733264793266787,0.00190283365390662,0.245597125466155
"PIK3CA",0.0447258545223563,0.659246441663757,0.00812333051406035,0.287904373299827
"TNFAIP8L2",0.0342319851944667,0.746101181100364,0.00821922921969169,0.211447604485477
"LINC00982",0.0079088132882569,0.923411960977324,0.00215253710932109,0.0665266886250984
"GPR89A",0.0184398903282761,0.750022072856915,0.00162908399668759,0.229908952818121
"FAM13B",0.0124579779985672,0.818386821252916,1.34250858517424e-06,0.169153858239932
"SDPR",0.0278584257879818,0.74943533580786,8.20563489053685e-06,0.222698032769267
"ANGPTL7",0.0439987139041809,0.407813449816602,2.3177025454245e-05,0.548164659253762
"ICMT",0.0233776125674263,0.845390959031307,0.000344558448664386,0.130886869952602
"STK17B",0.0470746992542782,0.788045644072391,0.00100676563748601,0.163872891035844
"PLCD4",0.0217726445720343,0.876539194463994,0.00262472259421436,0.0990634383697572
"LRRC47",0.00751764904030304,0.868723550299176,0.0018392731109183,0.121919527549602
"NEMP2",0.0160532306944376,0.826947738265744,3.69914052714264e-05,0.156962039634547
"HIST1H4H",0.0396148620031874,0.517134240997188,0.00284228811178351,0.440408608887841
"KCNT2",0.0314712287386906,0.824952038172751,0.00060864581085338,0.142968087277705
"LINC02019",0.0868033465835389,0.378762878704343,0.00695161520284164,0.527482159509277
"CNRIP1",0.00676573400832506,0.926468860596948,0.000784556302387972,0.0659808490923394
"MAP7D1",0.0350591357084327,0.367810185685372,0.00559191848139456,0.591538760124801
"OSMR",0.0532715813827086,0.879294009002213,0.000897415065186993,0.0665369945498916
"CTC-241N9.1",0.0404726836381824,0.775488193202683,0.0018334233755213,0.182205699783613
"RP11-196G18.22",0.0381554695191222,0.626155427583501,0.000106543163520297,0.335582559733857
"NID1",0.0321591948381488,0.883143367362263,0.00248598262737066,0.0822114551722175
"TET3",0.00599436694756959,0.858102397145007,0.000495655229406873,0.135407580678017
"MTND4P12",0.33237944115038,0.348321881416638,0.00251765657389359,0.316781020859088
"FLNB",0.011779435625138,0.921777433861954,0.000325248770565263,0.0661178817423428
"THG1L",0.0159912353339047,0.739420333747497,0.000446843337602976,0.244141587580995
"AMT",0.102798069555972,0.693216586234734,0.0172743298315466,0.186711014377747
"ZNF692",0.134954026004552,0.597891097260914,0.000684293367141245,0.266470583367393
"HLA-H",0.132244819755651,0.721614057522287,0.00473469878268531,0.141406423939377
"MXD1",0.0151627504890274,0.888135105127624,0.00107392975022309,0.095628214633126
"NPL",0.0200607177204111,0.788077850001421,0.000419081984890731,0.191442350293277
"LYAR",0.0600732417571882,0.241786164649447,0.00120944885804101,0.696931144735323
"PBX2",0.00991585756989645,0.738891614479314,0.000371577699591209,0.250820950251198
"FGF10",0.0161438656700143,0.781163463505397,0.00236727807758549,0.200325392747003
"DYSF",0.00431123220699911,0.768046179533558,0.000994259814055452,0.226648328445388
"BCL10",0.00154803557360829,0.689580500872497,0.000929917034016984,0.307941546519878
"GUF1",0.0223043845989302,0.810353272407706,4.25159640231353e-05,0.167299827029341
"TMEM144",0.0217147012230087,0.746080199730993,0.00184003042396069,0.230365068622037
"RPL22L1",0.0269796156567843,0.747411525223589,0.000118122581489884,0.225490736538136
"RP1-40E16.11",0.026443894357041,0.563742575394617,0.000699301260824344,0.409114228987517
"FRZB",0.00702773431300811,0.813017587282826,0.0090974050776586,0.170857273326507
"SEPSECS",0.0159158125833998,0.803637912017255,0.000117959795197988,0.180328315604147
"UBE2B",0.0402411022728048,0.232981706931771,9.0874411071884e-06,0.726768103354317
"CTD-2228K2.7",0.101881979427584,0.79394705837534,0.00103146507799217,0.103139497119084
"KANSL1L",0.0185185350989831,0.828735922304862,0.00049830747067819,0.152247235125476
"GPC1",0.00308733766737188,0.943445399266732,5.48838383813301e-05,0.0534123792275151
"AC132008.1",0.117459731329854,0.569603827641106,0.00933273280734037,0.303603708221699
"SLC44A3",0.0290197649773712,0.860126316916796,0.00260981699565926,0.108244101110174
"HLA-C",0.0309661865879057,0.83929760364616,0.000293441175100765,0.129442768590833
"RPL29",0.0163779723817384,0.606245783337745,7.16297372542042e-05,0.377304614543263
"KIAA0040",0.0544679310089516,0.457632834968834,0.00802295615739193,0.479876277864823
"ZNF589",0.0459330611989213,0.745477074907737,0.000225369704111309,0.20836449418923
"CTB-113I20.2",0.0453022393377993,0.719667322787193,0.00351311318674495,0.231517324688262
"TMEM59",0.00292129583744923,0.627497860072532,0.00421367569779029,0.365367168392229
"KIF9-AS1",0.0232788503177492,0.720485452466868,0.0038263371643708,0.252409360051012
"PFKFB4",1.29442454474119e-13,0.833951451255199,8.89169816692289e-06,0.166039657046504
"GPBP1L1",0.0031842027340543,0.626088025792024,0.00048313250670816,0.370244638967213
"AC053503.6",0.0291755548751104,0.658558197368023,0.00848163218960281,0.303784615567264
"MED7",0.00500589295972532,0.695853066871968,0.00047001656680337,0.298671023601504
"SCN7A",0.0658600978392915,0.445548863593432,0.000615425662331242,0.487975612904945
"KDM1A",0,0.8207964257231,1.53767800428733e-05,0.179188197496857
"GALE",0.0377363666025923,0.723455770318695,0.000370746353488797,0.238437116725224
"NRN1",0.00174614521806133,0.88527355414279,0.000347501455036176,0.112632799184113
"SLBP",0,0.691754413210072,2.32805154781848e-05,0.30822230627445
"RANBP2",0.0111857480047579,0.681908909525027,0.000252758403226956,0.306652584066988
"PTGER3",0.00248854798903114,0.89995834072945,0.00135716574603463,0.0961959455354846
"PEAR1",0.00356842450044375,0.898806000930066,2.23223041314015e-05,0.0976032522653591
"NRG2",0.0209674465215758,0.591032172110154,0.000590936768107599,0.387409444600163
"POLR2D",0.0304770301497116,0.666789484490438,0.00461402806415324,0.298119457295698
"CTC-203F4.2",0.0937486296184623,0.579927825397398,0.00078008526331796,0.325543459720822
"MFN2",0.00616313833350287,0.587370569243509,0.00359310760190937,0.402873184821079
"ATG4C",0.0560399847775205,0.713712698656171,0.00143231739394733,0.228814999172361
"ENTPD3-AS1",0.0749383678432483,0.739767762367795,0.000103380338955042,0.185190489450002
"FAM49A",0.0125860403812286,0.717063341777682,0.00127501943381259,0.269075598407277
"FAT1",0.0121793507520856,0.937449406027258,0.000168755437836798,0.05020248778282
"DTX3L",0.0711907899530487,0.451070820802688,0.00187368998481179,0.475864699259451
"B4GALT3",0.0514378294031972,0.564344379977097,0.000589661828054637,0.383628128791651
"KIAA1524",0.0521586574304018,0.531256781060726,0.00470972161663586,0.411874839892236
"MAP4",0.00305391312243917,0.927417098867165,0.000270198911479906,0.0692587890989158
"MAST4",0.00688429188669364,0.853541186120063,0.000634613677466604,0.138939908315777
"RP11-843P14.1",0.0262384309105784,0.644061749319047,0.00266649938407261,0.327033320386302
"SPARCL1",0.00653655201516246,0.954087441086168,7.35419577671185e-06,0.0393686527028923
"VEGFC",0.0137572033142767,0.877701495855141,0.000904278894728152,0.107637021935854
"TMCC1",0.0195023796851627,0.508187447732111,2.06988443021385e-05,0.472289473738424
"GRB14",0.0217100054859391,0.71704002610479,8.37059381897612e-05,0.261166262471081
"RP11-448G15.3",0.0260455076814457,0.670560832002856,3.43333678630148e-05,0.303359326947835
"F11R",4.19327707811838e-12,0.870505037533086,1.87901324494149e-06,0.129493083449476
"MED28",0.0173554118922067,0.457675771311981,6.60949933269529e-05,0.524902721802485
"ZCCHC4",0.0159595087233998,0.834015293139189,1.2310547154925e-05,0.150012887590256
"SENP7",0.0176674801009007,0.707958531957716,0.00100478383630773,0.273369204105075
"SIL1",0.00620566140271435,0.64819445258395,0.000113923384379917,0.345485962628955
"PAPD7",0.00799424927106587,0.811505488236058,0.00100384580586698,0.179496416687009
"RAB24",0.0120162855330378,0.698197540734969,0.000246189251014096,0.289539984480979
"EIF2A",0.0195829098540844,0.712484477052803,0.000387795174051561,0.267544817919061
"METAP1D",0.095188288617905,0.739096492918884,0.000954708193086318,0.164760510270125
"RP11-95D17.1",0.0532847822811524,0.788758442628912,0.000524838865482896,0.157431936224453
"FBXL17",0.0244706435143259,0.826184308845855,0.000428468607982055,0.148916579031837
"ZSWIM6",0.00613485952620067,0.646363578559892,0.00235528184084771,0.34514628007306
"CTA-253N17.1",0.0182189412945062,0.480705240468096,0.000107392917015437,0.500968425320382
"RGL2",0.0155314840513172,0.618907546716067,0.00238873476913794,0.363172234463478
"HHAT",0.0504265007200594,0.848080899200487,0.00200925767180256,0.0994833424076506
"PPP2R3A",0.0100616595893266,0.86920509492515,0.00134037056214135,0.119392874923382
"C6orf106",0.0212495176727572,0.682943321338529,0.00346629495804858,0.292340866030665
"ADAMTS2",0.011738336077225,0.677237601199373,4.68833264272895e-05,0.310977179396974
"AHRR",0.120399426322674,0.666290406731785,6.37383970024966e-06,0.213303793105841
"PRELID1",0.0226133328677894,0.76232047821826,0.003140279111343,0.211925909802607
"RP11-34P13.15",0.0393353064686671,0.838158071668595,0.000154412331686161,0.122352209531052
"TYW3",0.00614850098963264,0.909280062556843,4.0133123610744e-07,0.0845710351222883
"RP11-379F4.7",0.0707645457000637,0.501038793719767,0.000858226013597746,0.427338434566572
"SASS6",0.056788348505642,0.650936958391812,8.9488395907823e-05,0.292185204706638
"SNORA66",0.0622941363729188,0.515940633132791,0.0131274356750139,0.408637794819276
"CALCRL",0.0139735653289847,0.89162936078272,0.000614306793386092,0.0937827670949089
"CYR61",0.0223805896542535,0.85673178807778,0.00710988693264302,0.113777735335324
"CRYZ",0.0530365008984231,0.848983458143825,0.000527223107444299,0.0974528178503072
"DCTN4",0.0148393786636778,0.569184328541041,0.00201106866114373,0.413965224134138
"GMCL1",0.00574100700021714,0.728548345034052,0.00204828549615675,0.263662362469574
"RP11-305K5.1",0.0410590160790335,0.721788360749699,0.00032381753293525,0.236828805638332
"LIFR",0.0246932566866798,0.89615397759918,0.000547083392693385,0.0786056823214467
"ZNF654",0.0235481558210122,0.580023391498259,9.27500678729961e-05,0.396335702612856
"FMO2",0.0349096682583106,0.852380637614235,9.8257243852472e-06,0.112699868403069
"LOXL3",0.0325656191278834,0.758645769239045,0.00349025904802594,0.205298352585046
"ELL2",0.0664401975399583,0.686096655272347,1.90079551471813e-05,0.247444139232548
"ARHGAP29",0.00689323474744351,0.936021452090166,0.000803636598685432,0.0562816765637056
"HEYL",0.00820382399126986,0.904613010145333,0.000187404648708262,0.0869957612146885
"UBE2T",0.0759017906006509,0.498993505723119,0.000307571659904308,0.424797132016325
"DBI",0.026102720612057,0.812578150771035,0.00241636979754985,0.158902758819358
"LARP1",0.00623725125716302,0.830834513809992,0.00132456187716592,0.161603673055679
"HPGD",0.0250660795203082,0.662626555374296,0.00296327857091564,0.30934408653448
"NBL1",0.00614713341024505,0.944410839540329,0.000842730276897662,0.0485992967725284
"KDR",0.00850630841350153,0.904841696927257,4.14736361034011e-05,0.0866105210231381
"CD1D",0.0604243683984977,0.680645939485226,0.000856256005084916,0.258073436111191
"LY75",0.0460502611132303,0.746437573810157,0.00124150035674976,0.206270664719862
"CCNG1",0.015508911018545,0.67386498690404,0.000487273442724693,0.310138828634691
"C4orf36",0.0294077707084048,0.820701120275201,0.00285096686397389,0.147040142152421
"SCFD2",0.0432657477766124,0.698013913393005,0.000567912759398004,0.258152426070985
"SIDT1",0.0324869588684607,0.55553416169135,0.00428820083497892,0.40769067860521
"COMMD1",0.00859497818325453,0.799092767530998,9.92525939112164e-06,0.192302329026357
"BRE",0.0173340524249315,0.438130084531979,0.00193018145170018,0.54260568159139
"OCIAD1",0,0.775776825130688,3.35390244228322e-05,0.224189635844889
"DNM3",0.0338619982738717,0.763302940003444,0.0016526040018034,0.201182457720881
"MEF2D",0.00464792156823879,0.757136499548355,0.000121547799849954,0.238094031083556
"RP11-342K6.2",0.0619696136366316,0.574729883837534,0.000820414493354911,0.362480088032479
"ATP6AP1L",0.0940136823895029,0.736136862304485,0.00250541624406441,0.167344039061948
"CBR4",0.00737498439340514,0.774755624135667,2.71142452268604e-07,0.217869120328476
"ATAD3C",0.0318095135509107,0.874143105259501,0.000892829280013426,0.0931545519095749
"PIK3CB",0.030480339446156,0.402176038442044,0.00512155323044107,0.562222068881359
"MTHFR",0.0503669374760805,0.583193997343666,0.00386663169266296,0.36257243348759
"WDR75",0.00979134912344161,0.822998430136398,0.000169441301868745,0.167040779438292
"ADI1",0.029944823248881,0.792901091632993,0.000779553921538157,0.176374531196588
"GOLIM4",0.0180125548619921,0.89753536887584,0.00172283197049737,0.0827292442916704
"CD302",0.018191185111441,0.787798477671848,0.00163600473500603,0.192374332481705
"C5orf15",0.00481575586860244,0.732689860301532,0.00063403980061251,0.261860344029253
"CKMT2",0.00292461009789113,0.931426795681632,0.000183028752187139,0.0654655654682894
"NKTR",0.0198287321534782,0.78242884401703,0.00293050973833447,0.194811914091157
"STK39",3.52826771374467e-13,0.752617222887338,3.15282397404286e-05,0.247351248872569
"CDV3",0.0111896162991924,0.600312420852426,0.000520827499352693,0.387977135349029
"XPC",0.0176167696917185,0.659793539860207,0.000813656661564219,0.321776033786511
"TOP2B",0.0076734247934901,0.70343430067013,8.75125490860641e-06,0.288883523281471
"SEPT11",0.00478136039976369,0.88929058766034,8.27275388115588e-06,0.105919779186015
"PLEKHA3",0.00382415648932349,0.861410947215147,2.91333422820257e-06,0.134761982961301
"ARRDC3",0.0727588678032863,0.480904678165673,0.00385756122575075,0.44247889280529
"EDEM1",0.0160199493348401,0.706158547649084,0.000478712898050324,0.277342790118026
"CDKN2AIP",0.0123581862089351,0.707678740158792,0.00176272948785642,0.278200344144416
"CLCN3",0.0172267545922418,0.799531769968673,0.00167812799262711,0.181563347446458
"MSH6",0.0132252451590692,0.820487309739405,0.000125831141928201,0.166161613959598
"CCDC142",0.0805388098737856,0.635772570051598,0.00229982557055639,0.28138879450406
"PRDX6",0.0863760913967229,0.636628973628505,0.00874154488687593,0.268253390087897
"SMC4",0.0200244362769431,0.697055601352102,6.32126211551912e-06,0.28291364110884
"MLLT11",0.0323117321650417,0.285524923986108,0.000488235132829531,0.68167510871602
"FARSB",0.0134710506452055,0.799411272395366,0.000313105291231185,0.186804571668198
"TUBB2B",0.1124091347869,0.49863315150061,0.00493712667081692,0.384020587041673
"PRDX1",0.0148167052246653,0.81630771613198,0.00293403188635769,0.165941546756997
"SGCB",0.00580675100773495,0.948879556153226,0.000120486895327218,0.0451932059437115
"ATOH8",0.0614799621290163,0.782393042819639,0.00171659304005117,0.154410402011294
"AC008781.7",0.0309080147417814,0.615684344538818,0.00227263045774763,0.351135010261653
"FAM212A",0.0339000593431914,0.728559672811636,0.00100518772818943,0.236535080116983
"GREB1",0.0807600891073912,0.471577775188726,0.000540486735393652,0.447121648968489
"UXS1",0.0798211420119415,0.622824477960418,0.00238981686497934,0.294964563162661
"SOWAHC",0.00267045838231406,0.946556851338803,0.000117833088115993,0.0506548571907671
"THPO",0.0318474181243746,0.660852416028514,0.00148338054965706,0.305816785297455
"GUK1",0.0225808996416401,0.788967899602633,0.00393115363763243,0.184520047118094
"BCAS2",0.0142935924180832,0.730684645415524,0.00060168289617355,0.254420079270219
"IQCC",0.0139410986787322,0.853213546536962,0.00263583536440055,0.130209519419905
"TRAIP",0.115228598903976,0.614100308337153,0.0109520895166325,0.259719003242239
"SYF2",0.0325863412425768,0.592605460697017,0.0048873767344854,0.369920821325921
"MINDY1",0.0351062471030425,0.558611516633854,0.0135592500494086,0.392722986213695
"ELOCP19",0.049102335708552,0.613977889236083,0.00249366212048709,0.334426112934878
"SNRPGP10",0.0447366954869244,0.687899928322661,0.00164469567548971,0.265718680514925
"CCDC88A",0.0148906984941611,0.690418933415441,0.000542315414700572,0.294148052675697
"HSPB11",0.00165048377593151,0.914333998311847,0.00045375782101693,0.0835617600912044
"PNPT1",0.00898739110720322,0.85417483769369,0.000117449650460647,0.136720321548646
"DGKG",0.0234651988359951,0.616795861076082,0.000425978239392585,0.359312961848531
"MSMO1",0.0194127002710448,0.804431584814346,0.000198372131785771,0.175957342782823
"SEMA5A",0.0398871338417718,0.797941988670478,0.00239952591734714,0.159771351570403
"KIF9",0.00366074650982317,0.880025062128245,0.000320935266054153,0.115993256095877
"DSP",0.00060351182076166,0.961912061958684,0.000391217490117879,0.0370932087304365
"RASA1",0.00804187249726749,0.814297542119235,0.000190581351109079,0.177470004032389
"NOTCH2NL",0.107941210858449,0.625914788228732,2.46757798799867e-05,0.26611932513294
"SETDB1",0.0140742925274466,0.590475012643883,0.00347128394213908,0.391979410886531
"ADAMTS9",0.123818145379372,0.658951860082488,0.00127649949583627,0.215953495042304
"SHISA3",0.0304535614259977,0.717679729747996,0.00196768375145097,0.249899025074555
"FAM189B",0.0623078170112434,0.715356507295053,0.00787993745590418,0.214455738237799
"DUSP28",0.0139310547896945,0.564133711970306,0.00015857016399055,0.421776663076009
"LDAH",0.0207978027548754,0.887231647766487,4.15086124642311e-05,0.0919290408661735
"TMEM45A",0.00711894599192327,0.930853128874027,2.57603285249872e-05,0.0620021648055246
"MCCC1",0.0187480909914102,0.820119854661719,0.00341642482613496,0.157715629520736
"HLA-L",0.175155063457824,0.510776589762957,0.00787135418682862,0.30619699259239
"UBE2D3",0.07858573322658,0.148799068901515,0.00323407022280203,0.769381127649103
"OXNAD1",0.00609768670143536,0.442183659210793,7.91308107386957e-05,0.551639523277033
"MTMR12",0.00443860815848764,0.871456398676197,0.000306468481414655,0.123798524683901
"YTHDC1",0.0224154317309389,0.661324017646063,0.000553070781409916,0.315707479841588
"LYPLAL1",0.0171120222487648,0.718917782056945,3.82472115884741e-07,0.263969813222174
"RIPK1",0.0446906853599754,0.6573200935819,0.0078157087053656,0.290173512352759
"ERICH2",0.0302346259831,0.698561267911615,0.000825579462953575,0.270378526642331
"RABL2A",0.02448585966061,0.847114163372098,0.00395025552730057,0.124449721439992
"ARHGAP24",0.00310434784590331,0.69460797371194,0.00111386932514802,0.301173809117009
"RP5-1092A3.4",0.192074587726015,0.409847590744422,0.00990586739549772,0.388171954134066
"HACD2",0.0157599473073552,0.823343439581513,0.000745755042932297,0.160150858068199
"IER5",0.0315502037110995,0.365698495257783,0.0168790908711317,0.585872210159986
"FCGR2C",0.165576600902733,0.436533434443967,0.00305838456482429,0.394831580088476
"C1orf56",0.0749721341283361,0.679426590767769,0.0118450075715606,0.233756267532335
"HIGD2A",0.0361223697552018,0.419822470198635,0.00226146890196604,0.541793691144197
"CENPH",0.0775961044740862,0.584194407971707,0.0105953476020305,0.327614139952177
"TNFSF4",0.0145652662927754,0.411047176646089,0.00288429372894569,0.57150326333219
"DFFB",0.0427093945363084,0.659324150092059,0.000478529073669067,0.297487926297964
"TRAK2",0.0274197448728999,0.801467101115245,0.00130150961446998,0.169811644397385
"ANKRD23",0.0156020517586047,0.923431418698095,0.00155326779084623,0.0594132617524544
"SEC61A1",0.0296926508145006,0.676131499669383,0.000768255322105254,0.293407594194011
"COQ10B",0.0256967530550894,0.649869127395806,0.000324089384427897,0.324110030164677
"COL9A2",0.0121115767848509,0.729546440836217,0.000485883001462046,0.25785609937747
"TMCC2",0.0994732086608811,0.549072897358373,8.92940535084812e-05,0.351364599927237
"FAM20B",0.00628180901317434,0.874891169309302,0.000344750739127775,0.118482270938396
"SRPRB",0.062000760172265,0.652932256621134,0.000937248345254422,0.284129734861346
"RP11-384L8.1",0.0168997088843965,0.849728545991762,6.26581770417341e-06,0.133365479306138
"CAMK2D",0.0138911878459598,0.840303573561742,0.00157349732093238,0.144231741271366
"MAGOH",0.00715590712971061,0.804603465540989,0.000842015005543444,0.187398612323757
"EEF1E1",0.00820056323963326,0.826293901358901,6.9350531877488e-05,0.165436184869589
"SH3BP5",0.0140897098765456,0.435661876115527,6.6546341472818e-05,0.550181867666455
"RP11-286H15.1",0.0802636730589519,0.765713538907498,0.000649497327301568,0.153373290706248
"CNN3",0.00704331167931251,0.953054744536122,0.00101792607014888,0.0388840177144161
"AC024937.6",0.0980435786365306,0.635849670629365,0.00542800076165738,0.260678749972447
"NCF2",0.00555492607660052,0.92035330503079,0.000354803930670886,0.0737369649619387
"SLC9A3",0.0673999906537751,0.735683948677953,0.000513218785861023,0.196402841882411
"SFT2D2",0.0174118071023414,0.767429849233189,0.000356290453858839,0.214802053210611
"PPP2R5A",0.0142655845272645,0.51220015975305,0.00494779380322854,0.468586461916457
"MTIF2",0.0123834572908716,0.805912308633299,0.0018843393530256,0.179819894722803
"NBPF1",0.143182987338189,0.696381704976186,0.000271230758000175,0.160164076927625
"AGBL5",0.00764771957396717,0.88483407537791,0.000102590659072098,0.10741561438905
"C1orf112",0.0439601091679014,0.717193602350657,0.00188582135502476,0.236960467126417
"DTNBP1",0.0277809877038587,0.618314368302935,0.000328892266003028,0.353575751727203
"SELL",0.00427070001822153,0.941733081609218,1.54087938832778e-05,0.0539808095786768
"SLC4A5",0.0206533256230336,0.831615296586741,0.0046096637594784,0.143121714030747
"THBS3",0.0115021896748368,0.787227133773459,0.00395612379223049,0.197314552759473
"BBS12",0.0204760566432395,0.871141281159479,0.000407085684530245,0.107975576512752
"ANK2",0.0349651311586581,0.80579825227146,0.00565803366941221,0.153578582900469
"RBP7",0.0280376754466622,0.710267333837736,8.69851308016044e-05,0.2616080055848
"ASAP2",0.0131644000304268,0.930288824850097,0.000172065791134889,0.0563747093283414
"LNPEP",0.00936123521683905,0.68024322494467,2.83353547393637e-05,0.310367204483752
"TMEM87B",0.0107138310961047,0.860637817790815,0.000353060657217175,0.128295290455863
"PRICKLE2",0.0077415237716732,0.940593697974119,0.00040391898065432,0.0512608592735531
"RUSC1-AS1",0.0222856289188374,0.778959895430556,0.00256554854824306,0.196188927102363
"RPSA",0.0226906412209187,0.565181070710875,0.00184164711025861,0.410286640957948
"KCNK2",0.01943020771986,0.627769452587851,0.0141556462843774,0.338644693407912
"C3orf58",0.0191258915190293,0.730468636315021,0.000280423602522814,0.250125048563427
"PLA2G2A",0.103856925747801,0.658280403392521,0.000339845379238982,0.237522825480439
"COX5B",0.0505922391368073,0.682127411688826,0.00499396747084798,0.262286381703519
"RNASEH1",0.0178689358136609,0.771898529759041,0.00136103960592255,0.208871494821375
"RP11-277B15.3",0.0393082286065079,0.33146312346665,2.2159583800266e-05,0.629206488343042
"WWTR1",0.0050344190562195,0.955527098413353,0.000361470674552179,0.0390770118558746
"C6",0.0402700531655412,0.7360265303389,0.00103562493621623,0.222667791559343
"VARS2",0.0640695793758969,0.734549752469372,0.000838135705659598,0.200542532449072
"SNORA62",0.0185954394651347,0.500948922862409,0.00408678736071683,0.47636885031174
"ADRA1B",0.0338182680878572,0.823683419763762,0.00123340795750026,0.14126490419088
"TCF7L1",0.00227621702488387,0.928683291548145,5.78622052060092e-05,0.0689826292217646
"JCHAIN",0.0542796115692442,0.394489042491622,0.00230417019314643,0.548927175745987
"KCNC4",0.0284529754337242,0.743978335815303,0.000148856593771581,0.227419832157201
"UBP1",0.0007397136539687,0.83984034881716,2.28401277481746e-05,0.159397097401124
"OXER1",0.0134958232035515,0.692596364628092,0.00154068407419141,0.292367128094165
"RP4-612B15.3",0.0192960159326477,0.552246794442336,0.00445115916668756,0.424006030458329
"CCSAP",0.0229606500957216,0.767760783455883,0.00128824061745336,0.207990325830942
"HESX1",0.0490455039301506,0.718622089521413,0.0124776382023746,0.219854768346062
"RP11-434H6.7",0.0945137978679031,0.249920067316202,0.00150018473070979,0.654065950085185
"RAB17",0.00452710682369486,0.924912469028422,0.00319113839871292,0.0673692857491704
"CDCA7",0.0343299883836969,0.692857754515356,0.0053043845619306,0.267507872539016
"DNAJC11",0.00960431087274908,0.819038108457026,0.00014747182542239,0.171210108844803
"PEA15",0.00569718969001161,0.87995518285915,0.00126642055527882,0.11308120689556
"USP24",0.0149232305905153,0.73771727190093,2.20183944297783e-05,0.247337479114125
"PSMB9",0.0520736026815094,0.777960925960393,0.0015021751635184,0.168463296194579
"SDF4",0.00585460809702674,0.725435368729363,0.000963902551628812,0.267746120621981
"ZYG11B",0.0136972341671055,0.838519657277393,0.000707211502708688,0.147075897052793
"C1orf204",0.0712524818195885,0.712043752644146,0.00767655764037949,0.209027207895886
"RMDN2",0.0444941024501217,0.697468184489206,0.000449476118125938,0.257588236942547
"ARL10",0.081578750773709,0.695527387020774,0.00176301106435228,0.221130851141165
"GLYCTK",0.047229429290519,0.647136456531004,0.0101904414810237,0.295443672697453
"GTF2E1",0.0525528077440105,0.446705129287865,0.0115968723293729,0.489145190638752
"KDM5B",0.0119987716089843,0.815767083768881,5.06816702045377e-05,0.17218346295193
"CHSY3",0.0134116492317906,0.901714624042229,0.000186865534576756,0.0846868611914033
"RAB33B",0.00820270779007705,0.563622046554127,0.000607266853561892,0.427567978802234
"NOA1",0.0184890920968326,0.596117795488419,0.00374126159558263,0.381651850819166
"COPS8",0.00135877268147154,0.869112129024328,0.000330818261174683,0.129198280033026
"PPP1R2",0.0220786381620799,0.438525529979719,0.000235267449752474,0.539160564408449
"MAP3K2",0.0205655111699219,0.317689831906664,0.000941293634911961,0.660803363288502
"RASGRP3",0.0762062204814497,0.679256895617353,0.00291603731197791,0.24162084658922
"BLOC1S4",0.0274719764686077,0.556086001164052,0.00410094687228657,0.412341075495054
"S100A16",0.00562374650157611,0.944549434069395,0.00076809931203002,0.0490587201169991
"RP11-296O14.3",0,0.337757655291712,0.000497772315154255,0.661744572393134
"BRD2",0,0.691682552866894,9.25344712565955e-05,0.308224912661849
"AC116366.6",0.070203020545966,0.528627901736527,0.00892203082535818,0.392247046892149
"B3GALNT2",0.0217703727581928,0.858156422640029,0.0012578296547939,0.118815374946984
"HPCAL1",0.0166679029040181,0.732799293888235,0.00145923909540495,0.249073564112342
"AADAT",0.0242721998404723,0.888997438441149,0.00448721981019317,0.082243141908186
"GRAMD1C",0.000886235336975856,0.850456957644496,0.00112186649461575,0.147534940523913
"HADHA",0.0277345953332525,0.705012287275529,0.00642070517557659,0.260832412215642
"ANKRD34A",0.0155501662657026,0.578854836183055,0.000365789248142839,0.405229208303099
"C6orf52",0.055385141484112,0.589726203676055,0.00070599248911588,0.354182662350717
"COX7C",0.0116816777350263,0.854924449462494,0.00032998519142323,0.133063887611056
"RP11-568K15.1",0.0337793964116694,0.86308021318789,0.00170824111328947,0.101432149287151
"RP11-389C8.2",0.0619939734941359,0.665110685890957,0.00449605068653696,0.26839928992837
"ELF3-AS1",0.019315330553785,0.758741430804871,0.000256188403813165,0.221687050237531
"PCYOX1L",0.0766683867898948,0.716276911991887,0.00519322855506376,0.201861472663154
"IQCB1",0.0230084663980456,0.717848825214974,0.000508144062864823,0.258634564324116
"CD53",0.0173934552461047,0.88813089400317,0.000525441775706956,0.0939502089750188
"LMBRD2",0.0160725549744839,0.725311038906433,0.000723468277852782,0.25789293784123
"RP11-285F7.2",0.0423158045869732,0.67784732815701,0.00857124238747995,0.271265624868537
"TRIM38",0.00768897196413437,0.625848412766722,0.00113401869394851,0.365328596575195
"SHC1",0.0470489629679844,0.759529111092047,0.000836813034929398,0.192585112905039
"SLC25A4",0.00071368272192765,0.954235075056175,6.98059141630242e-05,0.0449814363077346
"NUDT16P1",0.041168646733458,0.705097881593497,0.00871957144503907,0.245013900228006
"SLC11A1",0.0709694222708837,0.830315442910245,0.000113480348390465,0.0986016544704804
"ADRA2B",0.0293741203258322,0.613555985567544,0.00764321589466338,0.34942667821196
"NMNAT2",0.013519617352932,0.739956956395003,8.54736179980526e-05,0.246437952634066
"RPS15AP10",0.0569611699406295,0.535633689751976,0.00520151267294507,0.402203627634449
"SH3YL1",0.0186353000602485,0.878157802844913,0.00200534874898334,0.101201548345855
"NMNAT3",0.0352080598767894,0.855869212372124,0.000611475484076865,0.10831125226701
"KIF17",0.0209752942471398,0.841567373720942,0.00106605274248122,0.136391279289437
"TMEM125",0,0.975694887643824,3.89963369944693e-06,0.0243012127224767
"ASTE1",0.0423853241128107,0.661947293836003,0.00796476853002854,0.287702613521158
"C1orf174",0.0256438232504366,0.66314567622864,1.44410001530851e-06,0.311209056420908
"CMSS1",0.0216581840452846,0.709244712819024,0.000452856417518677,0.268644246718173
"HOXD4",0.0135776699763419,0.827243256631558,0.000247748327192311,0.158931325064908
"RPL10P6",0.772230463190661,0.0825768014190936,0.00202659729272465,0.143166138097521
"S100A3",0.0143662972894794,0.68412075252448,0.00054990297574861,0.300963047210293
"SPCS2P4",0.257099557727942,0.202278900455297,0.00266393823011391,0.537957603586646
"HSD17B7",0.0330312152121187,0.791045172348751,0.0018406511614208,0.174082961277709
"RAPGEF6",0.022980933335034,0.484546999996651,0.00140595659707109,0.491066110071244
"PLXNA1",0.0171718703480111,0.887309270849787,0.000591017993374908,0.0949278408088272
"PPIH",0.0297026900140724,0.729476460009146,0.00602089905528009,0.234799950921502
"DFFA",0.0259325806106852,0.798515506687391,0.000702466954066229,0.174849445747858
"LINC01140",0.0324119244701882,0.823478863779476,0.00189708603807401,0.142212125712262
"LNP1",0.017636427650029,0.855400233938449,0.00160860254941088,0.125354735862111
"RP11-386I14.4",0.119028108631624,0.522554796006943,0.0256916534126812,0.332725441948751
"EFCC1",0.0126392569235338,0.83954401897432,0.00215319651111912,0.145663527591027
"ADH5",0.0147711336740977,0.883231795173815,0.00172129386250158,0.100275777289586
"AMOTL2",0.00875893119770345,0.938159746652635,2.50440400063582e-05,0.0530562781096548
"MTCO2P12",0.326538945296765,0.29720067665993,0.000185405341943011,0.376074972701363
"DCLRE1B",0.0151708424101683,0.775454879362686,0.000464105178376737,0.208910173048769
"UTP15",0.0292040816999924,0.821560323227422,0.000122876878650086,0.149112718193936
"TTC37",0.0116794563563789,0.837310761289977,7.32008152217613e-05,0.150936581538422
"SERINC5",0.00946265976998131,0.837307087935517,0.000157345562819846,0.153072906731682
"BTF3",0.00585201010162232,0.764890736368314,2.15492475984835e-05,0.229235704282466
"PCYOX1",0.0248950019195356,0.887883770772415,1.0078947775827e-06,0.0872202194132722
"LRRN1",0.0308838680941292,0.362429725656789,0.000710380375111973,0.60597602587397
"NEK11",0.045560599439238,0.851785742186675,0.00210405152138326,0.100549606852703
"F3",0.012288746151867,0.909135226374291,0.000631002502669929,0.0779450249711723
"DUSP19",0.0538241945559851,0.805228154586125,0.000130262545050333,0.14081738831284
"SLC22A4",0.00999576143264508,0.663714196040895,0.00254554225133777,0.323744500275122
"RP11-226L15.5",0.016136401667275,0.819369009744785,0.000132701768775285,0.164361886819165
"ZC3H15",0.0027249353454845,0.757401297509251,5.13529060542583e-05,0.23982241423921
"LXN",0.0138946138886498,0.757004424492613,0.000385830412157694,0.22871513120658
"EHBP1",0.00795041777096552,0.907594758763561,2.14381037945791e-05,0.0844333853616791
"LINC00888",0.031833311301849,0.744226152455881,0.000163225532118053,0.223777310710152
"MIIP",0.0371396449006362,0.568745358843518,2.22876358101323e-06,0.394112767492264
"RP11-307C12.12",0.0547455625884031,0.626497847823077,8.35313362206252e-05,0.3186730582523
"DNAJB14",0.00514921499915683,0.749763142353968,7.21538921872236e-05,0.245015488754688
"CYP4X1",0.00949693805262722,0.888806997492126,0.00268430631576718,0.0990117581394795
"CCDC30",0.0188728074317816,0.874111399491629,0.000334637366522274,0.106681155710067
"C4orf48",0.0416160900081266,0.646309118215952,0.00300068304603464,0.309074108729887
"C1orf131",0.0195232962714687,0.719923233044624,0.00235339062687689,0.25820008005703
"MFAP3",0.0333773237210625,0.619769180850794,0.00318502632203973,0.343668469106104
"RP11-422P24.12",0.029085009978369,0.502442263219856,0.00146191758094677,0.467010809220828
"ZCCHC11",0.0133106035837508,0.646300963593458,0.000573783847464031,0.339814648975327
"MIR4458HG",0.038903070838598,0.865099813553087,0.0014362373239853,0.0945608782843302
"PARM1",0.00253230660938027,0.942419165146174,2.45136801245666e-05,0.0550240145643209
"RP11-348P10.2",0.0677581624427456,0.750730330049407,0.000699807028355829,0.180811700479491
"ACVR2A",0.0103331724535857,0.900998522359558,0.00102407170719474,0.0876442334796614
"XXbac-BPG283O16.9",0.0793369065148153,0.766662842933265,0.00029586604007194,0.153704384511848
"MSX2",0.00576815314929751,0.797301068633794,0.000484143313726184,0.196446634903182
"INPP5D",0.013833925472999,0.841248239225986,0.00107702322255224,0.143840812078462
"TAF12",0.0350452973226741,0.209652582182302,0.00789503965497716,0.747407080840046
"GBP2",0.0339764296993663,0.618205927216795,9.42135655232463e-06,0.347808221727286
"SEMA3F-AS1",0.0668246678547037,0.674717975998822,0.00444445438952554,0.254012901756949
"FAM228B",0.0151425458809514,0.803388314186137,0.000234459412868762,0.181234680520043
"IFNLR1",0.000815138433764044,0.89384360379595,0.000241183447227364,0.105100074323058
"MXRA8",0.0104776324751019,0.926469940586161,0.0020359400360322,0.061016486902705
"ARID5A",0.0596634397707686,0.625950738519333,0.00756316001911882,0.306822661690779
"TFAP2E",0.0240211265665217,0.832720393516731,0.00406903424133947,0.139189445675408
"PJA2",0.000660649024416274,0.694083532528998,1.36761536031971e-05,0.305242142292983
"YTHDC2",0.00974368618794366,0.814073287446992,0.00123567909626934,0.174947347268794
"CLINT1",0.00297185845066167,0.661104603959709,0.000137628672626959,0.335785908917002
"CMTM8",0.00630006746482712,0.84832157950636,6.17887591304367e-06,0.1453721741529
"SMAP2",0.030700701139735,0.79171408869083,0.00149126603332063,0.176093944136115
"RP1-151F17.1",0.087020157476647,0.659780618297622,0.0112083365642938,0.241990887661437
"TNNI3K",0.136333765804229,0.66305074067794,0.0221005117809633,0.178514981736868
"RYBP",0.0276675618412378,0.665740773028035,0.00142415187170425,0.305167513259023
"YOD1",0.0147301508987213,0.655303249363039,0.000220402790072839,0.329746196948166
"LBH",0.0144006124569123,0.785178147515304,0.00424803176104394,0.19617320826674
"ACP1",0.000816130674293654,0.791342275377815,0.00122318101575003,0.206618412932142
"RP11-430C7.5",0.0373194194470975,0.634094754588706,0.00196968669978637,0.32661613926441
"S100A11",0.00651359452954309,0.871507227123962,0.000123305388327505,0.121855872958167
"AC019181.3",0.0306672448936369,0.696054817793868,0.00409443482782645,0.269183502484669
"KCNS3",0.0383320150286995,0.7869271326503,0.00122388680593719,0.173516965515064
"CXCL14",0.0312782833461692,0.857268574866112,0.00220043290685719,0.109252708880861
"WASH2P",0.127170682690633,0.600784288101617,6.08282255560071e-05,0.271984200982193
"BROX",0.0636752132766794,0.440519824832484,0.0046174682783141,0.491187493612522
"FAM171B",0.0300016021469857,0.81909917983908,0.00203006247850872,0.148869155535426
"ARPC5",0,0.860418840999174,0.000362404030954348,0.139218754969872
"AC016738.4",0.0590496158259241,0.689200444680914,0.000504418330521252,0.25124552116264
