gene,pi_tumor,pi_patient,pi_residual
MMP11,0.41480403869958365,0.34667263996437625,0.23852332133604015
CLEC3B,0.4017530964991451,0.3102438113402606,0.28800309216059433
TNXB,0.38212035212488876,0.3042636320898428,0.31361601578526843
SPC24,0.37768222572822413,0.42484396912523126,0.1974738051465446
NME1,0.37437321115974864,0.3358187422786973,0.289808046561554
C16orf59,0.3740952374329552,0.36313137246016214,0.26277339010688266
PKMYT1,0.37068747024521576,0.44540231811572006,0.18391021163906418
UHRF1,0.36213937482109904,0.46395048803944944,0.17391013713945155
TOP2A,0.36194893327392613,0.4605286014060594,0.17752246532001445
LYVE1,0.36148769873497727,0.3690915923124508,0.26942070895257186
ANGPTL1,0.35928219281476187,0.3764503404622954,0.2642674667229427
UBE2C,0.3589168326901654,0.4842743913901834,0.15680877591965123
ABCA8,0.35402627310001566,0.3525351782812652,0.29343854861871915
GARS,0.35125324289927584,0.36671571527962715,0.282031041821097
TPX2,0.3493222549574304,0.4767092413285024,0.17396850371406722
E2F1,0.3489510207229926,0.4335102079407637,0.21753877133624366
FOXM1,0.3485151131338197,0.4619857208565855,0.1894991660095948
TROAP,0.34817830655842946,0.464014619566988,0.1878070738745825
PCLAF,0.3463108776236264,0.43102031919060263,0.22266880318577095
MT1M,0.3461465006402081,0.3920968303908504,0.2617566689689415
FXYD1,0.3455130622035065,0.38364373399428686,0.27084320380220667
UBE2T,0.34392226563688716,0.4142138766323275,0.24186385773078536
KIF20A,0.3429787302937062,0.46603657922450675,0.19098469048178704
MELK,0.3425821662637313,0.4821614982771837,0.17525633545908503
NDRG2,0.3399252550237892,0.4166921050463191,0.2433826399298917
PPP1R14B,0.3397617631161506,0.4437035365859417,0.21653470029790772
ADH1B,0.3378533895354923,0.47125481774566624,0.19089179271884144
ASF1B,0.3372464136895106,0.47883097785159107,0.18392260845889832
FAM107A,0.33713970008526184,0.4258602063102992,0.23700009360443897
CDC45,0.3371288637190923,0.4745876422291959,0.1882834940517118
FAM111B,0.33557721637461424,0.4714781701151271,0.19294461351025866
PI16,0.33350060837205264,0.4458379085406967,0.22066148308725061
CENPF,0.33154661378528194,0.5020151138821433,0.16643827233257483
BUB1,0.3307883228487308,0.5031431713776934,0.16606850577357588
CENPU,0.3266573951030272,0.482353649782773,0.19098895511419978
BIRC5,0.3259387998076051,0.49265068680762797,0.18141051338476694
DNASE1L3,0.325777900824251,0.4332179618850615,0.24100413729068748
PRC1,0.3246254828075145,0.46336038517546074,0.21201413201702468
GINS2,0.3229442775292466,0.43797458711697707,0.23908113535377631
CDT1,0.3217109104967798,0.471659191413025,0.20662989809019525
CDCA5,0.3214093681900607,0.47623066313521645,0.20235996867472286
CDCA3,0.32138427324922014,0.44672145381238654,0.23189427293839332
AURKA,0.3194186877901823,0.4395358481691745,0.24104546404064323
CDC6,0.3188017128533032,0.4716825149051508,0.20951577224154602
PAQR4,0.3160481732706844,0.504285478846212,0.17966634788310362
RNASEH2A,0.3154097120690954,0.42496045570538427,0.25962983222552033
NEK2,0.3143761400902114,0.48108255276035455,0.204541307149434
CCNB2,0.31414190804260217,0.4991957097671383,0.18666238219025952
NUSAP1,0.3137351647552724,0.4508680747928197,0.23539676045190785
NUF2,0.3119084854685061,0.4713999487519645,0.21669156577952942
BUB1B,0.3115198972136619,0.46959195765880296,0.21888814512753513
CDKN3,0.3100242394458741,0.5053747773513981,0.18460098320272778
NCAPG,0.3094084838505601,0.496476278654968,0.1941152374944719
EZH2,0.3093994454035412,0.49339038883892977,0.19721016575752903
C1QTNF6,0.30803290344888984,0.4001081829311687,0.2918589136199415
HMMR,0.3057206835719956,0.46675017463740076,0.2275291417906036
MKI67,0.30565496430706635,0.530726258339943,0.16361877735299066
HSPB6,0.305380491836734,0.41545272526978433,0.2791667828934816
CCL14,0.30508360674302754,0.40403864871084205,0.29087774454613047
C1QTNF7,0.30425810399975584,0.46298148411302414,0.2327604118872201
MYBL2,0.3027669676795959,0.5337268871160963,0.16350614520430778
CDC20,0.3015675703896396,0.4866355822733231,0.21179684733703733
ORC6,0.3009007988635305,0.47986468208603644,0.2192345190504331
NCAPH,0.3007576149169056,0.5123100835574496,0.18693230152564486
ANLN,0.3004309466399166,0.5171570695523611,0.18241198380772233
FEN1,0.29940257046018115,0.4311037617092167,0.26949366783060213
MRGBP,0.298910824279247,0.36284260785365263,0.3382465678671004
GSTM5,0.2972080315665746,0.518443284752736,0.18434868368068938
CNTFR,0.2969587752564583,0.43194462669906375,0.2710965980444779
CDKN2A,0.29617413156003963,0.43716679981594714,0.26665906862401323
B4GALT1-AS1,0.2958298357995417,0.394891761569583,0.30927840263087525
PBK,0.29563393682309136,0.4843613491203988,0.22000471405650984
KIF2C,0.295530280723488,0.471241605001331,0.23322811427518095
NDC80,0.29544750790425434,0.4636598612464282,0.24089263084931747
GPM6A,0.29542278371021874,0.4495965702566286,0.2549806460331527
MND1,0.2951008166775511,0.45828279517346,0.2466163881489889
CDCA8,0.2948560888435964,0.5020966561295475,0.2030472550268562
RECQL4,0.293351459505747,0.42898464569687317,0.27766389479737985
AURKB,0.29330610281991076,0.5141120553726696,0.19258184180741966
CEP55,0.29279672122127454,0.5431907454451796,0.16401253333354585
CCNB1,0.2921155805636196,0.45082291624018506,0.25706150319619536
HGH1,0.28985795001821824,0.373286106158258,0.33685594382352374
ALG3,0.2891361786849698,0.3836843261075387,0.3271794952074914
CXCL12,0.28893522212766404,0.4698188563326374,0.24124592153969857
C7,0.2883384793294137,0.45232631925649325,0.25933520141409305
TYMS,0.287176334553452,0.44892536694624885,0.26389829850029917
KIFC1,0.28696419461022327,0.5123356290710785,0.20070017631869816
FLAD1,0.2867374064984828,0.3715897596854162,0.34167283381610103
CENPM,0.28627487193677165,0.5036260326786025,0.2100990953846258
RERGL,0.2851366346142093,0.4316020540325664,0.2832613113532243
DTL,0.2850677425586945,0.5023259367636758,0.2126063206776297
SDPR,0.28341186777127203,0.43965988842036596,0.276928243808362
TGFBR3,0.2822363313864789,0.4681033470452399,0.24966032156828108
PLK1,0.2814232885345718,0.5391131973973047,0.1794635140681235
CKS2,0.28119226727196167,0.45168690508790066,0.26712082764013767
CCNA2,0.28115195728548714,0.5336140839663542,0.18523395874815865
DPT,0.28075874398989487,0.4893717046312891,0.22986955137881607
MAMDC2,0.2790084461106903,0.5109793727011345,0.2100121811881752
FANCI,0.2778895709379325,0.5290139031664335,0.19309652589563409
KNTC1,0.2766420663990631,0.4996955573897459,0.223662376211191
SPC25,0.27646047423884884,0.5304756745904168,0.19306385117073435
BOP1,0.2762289154254205,0.4273858248537298,0.2963852597208498
TCEAL2,0.2746607482894264,0.5180472183946899,0.20729203331588375
TIMELESS,0.274138098472048,0.3698624205972361,0.3559994809307159
CSRNP1,0.2734841746412324,0.4402576301872114,0.28625819517155615
CHRDL1,0.27123577336677196,0.512473284698518,0.21629094193471
HLF,0.27101363856154337,0.4656554734939655,0.2633308879444911
MCM2,0.2700163400310768,0.44322575676874576,0.28675790320017747
RRM2,0.2699696712417294,0.5460751091763963,0.1839552195818742
KNOP1,0.2699567428583584,0.49653002576666766,0.23351323137497396
SEM1,0.26978712065409516,0.40594038309124286,0.32427249625466203
EXOSC5,0.26849094617011016,0.3868104980922237,0.34469855573766617
TK1,0.2682215631593647,0.463952149210151,0.2678262876304843
MIR22HG,0.26707166326555004,0.47368660650911987,0.2592417302253301
RMI2,0.266990699110819,0.4420579096695207,0.2909513912196603
MAD2L1,0.26497055903936895,0.4940694441127782,0.24095999684785288
PLAC9,0.26481295376721453,0.3733377557878287,0.36184929044495684
ARHGEF39,0.2644105989527169,0.5047942696873112,0.2307951313599719
PAFAH1B3,0.2643461425741699,0.4290151533971046,0.30663870402872545
POP7,0.2638137945092021,0.4480229374050677,0.2881632680857302
POLE2,0.26304294578808035,0.5080312007026663,0.22892585350925343
HM13,0.2615858060437517,0.42293530458577966,0.31547888937046864
DONSON,0.26144576479208687,0.44074318440089894,0.2978110508070142
GAPDH,0.26132061670032686,0.4639589738093255,0.27472040949034765
BOLA2B,0.2610950911115638,0.453158956223207,0.2857459526652292
ASPA,0.2606468659757385,0.5502220727023547,0.1891310613219068
PDE2A,0.2604522635322258,0.42983462945092893,0.3097131070168453
RAD51AP1,0.2602183905237818,0.4918419589336964,0.2479396505425218
UBE2S,0.2593868838359443,0.4724293115507117,0.26818380461334396
ZWINT,0.2590947246715557,0.4424881733143979,0.2984171020140465
GINS1,0.2587741417448702,0.4425567394911376,0.2986691187639922
ECE2,0.2586789551263782,0.37988327203915434,0.3614377728344675
RFC2,0.25855688856338366,0.4400873472796005,0.30135576415701576
CCNE1,0.25819158842694856,0.457194824005109,0.28461358756794247
TRIP13,0.25687477916867685,0.5448577276911919,0.19826749314013117
LAGE3,0.25624625193099965,0.4441240791779457,0.2996296688910547
TTYH3,0.2556758658614068,0.438039549885209,0.30628458425338423
SHMT2,0.255527287240495,0.48216820876513905,0.26230450399436595
TUBB3,0.25548668645250894,0.5164536362887628,0.22805967725872825
CHEK1,0.25478196864714625,0.45689264773425176,0.288325383618602
RAD51,0.2541098295219422,0.5372915438801512,0.20859862659790657
PGM5,0.2531050981509713,0.5428572114444099,0.20403769040461872
C2orf40,0.25228132238546985,0.545420248675118,0.20229842893941222
CA4,0.25225930854371587,0.45666799698161226,0.2910726944746719
LIMS2,0.251138623419821,0.3999473278402894,0.3489140487398896
DDX39A,0.2509428281177048,0.4573779661169176,0.29167920576537765
MFAP4,0.25078878986709574,0.5037229137627799,0.2454882963701244
SLC52A2,0.2503192004565044,0.515972223208856,0.23370857633463957
FBLN5,0.2503056050450862,0.46194708036629745,0.28774731458861635
TRIB3,0.25005715909330584,0.4278059735072985,0.3221368673993957
CCDC69,0.24944709565319861,0.4223237932379179,0.3282291111088835
ATIC,0.24941785372171588,0.4159400929608634,0.33464205331742075
MYZAP,0.24910156043408954,0.5070995320401828,0.24379890752572766
MIF,0.24907219706680395,0.49813302125235875,0.2527947816808373
PHYHD1,0.24806750652438694,0.4797847018014678,0.2721477916741452
SFRP1,0.2468759312479082,0.49374502215884813,0.2593790465932437
CDK5,0.24619250301671095,0.4304546760706989,0.3233528209125901
STIL,0.24618138481623567,0.515363936375365,0.2384546788083993
PLOD3,0.24576175974183148,0.3786507872239807,0.3755874530341878
RFC4,0.2457338071675907,0.43556716824332237,0.31869902458908694
TOMM40,0.24403369134489455,0.44999439561293747,0.305971913042168
ATAD2,0.2438169995502728,0.5274696224958929,0.22871337795383428
PPP1R14BP3,0.24323235946410132,0.5532350071449972,0.20353263339090144
MAGOHB,0.2426313133195176,0.42808195987777586,0.32928672680270654
DTYMK,0.242078835206503,0.4163690921524279,0.34155207264106907
KIF11,0.24204160552343948,0.5217758521436707,0.23618254233288985
DDX56,0.24198266548868172,0.4093847821648896,0.34863255234642876
SAC3D1,0.24131758213103072,0.48710863402243443,0.27157378384653486
KAT2B,0.241310327712413,0.45517501835025587,0.3035146539373311
P3H1,0.24020991752261528,0.43549648129244106,0.32429360118494366
PPIA,0.23983658786355128,0.44749281126858553,0.31267060086786325
MRPL17,0.2398328987704946,0.5184261731113002,0.24174092811820516
TACC3,0.2394158209160182,0.5114633972260502,0.24912078185793166
PPP1R35,0.23937345481217914,0.4872754462063865,0.27335109898143434
POLR2H,0.23927167928970267,0.4005261047019399,0.36020221600835745
CTHRC1,0.23915584375526475,0.5709091148495803,0.18993504139515494
PDCD5,0.23907790496430661,0.45244947229300086,0.3084726227426925
FOSB,0.2389686826739461,0.5070250774841906,0.2540062398418633
CHPF2,0.238740133084195,0.4821118298434088,0.2791480370723962
PDK4,0.2381591662585741,0.511845173561997,0.2499956601794289
RPN2,0.23797633483461025,0.44542851228059877,0.31659515288479095
CCT3,0.2378430241176143,0.3974864390238085,0.36467053685857725
PMM2,0.23748914798828902,0.4987400775956444,0.26377077441606656
ACACB,0.23742861164315057,0.49564506493983074,0.2669263234170187
KLF9,0.23705577806493022,0.5245862189991752,0.23835800293589457
CDK1,0.2368785026084509,0.5008343501434422,0.26228714724810687
TMEM132A,0.23687611808266174,0.557871937034011,0.2052519448833273
TMOD1,0.23629304173019572,0.43621577792502214,0.3274911803447821
METTL26,0.23604158261579636,0.4653328419023179,0.2986255754818858
CD276,0.2351872702542593,0.5022944931248597,0.2625182366208809
CBX3,0.2346476138962135,0.532186067780691,0.23316631832309548
FBXL6,0.23376240566996176,0.4849481778180632,0.28128941651197503
CD3EAP,0.23368340305394655,0.4878022347472648,0.27851436219878867
BBC3,0.2336060854893886,0.45909771288190176,0.30729620162870963
KPNA2,0.23355428393505723,0.5046345503867763,0.26181116567816654
TONSL,0.23329497902315405,0.4642530025953045,0.3024520183815415
ECT2,0.2332463141056751,0.5261390422387386,0.24061464365558624
SNRPB,0.23241834594082014,0.5080738461711594,0.2595078078880206
FAXDC2,0.2320037231999718,0.5144151530192055,0.2535811237808227
ATXN2L,0.2315417353905532,0.5050560999528412,0.26340216465660565
CBX8,0.23093114466546466,0.39937913242884654,0.3696897229056888
TARS,0.2304588720266893,0.4389971212913294,0.33054400668198136
GGCT,0.22934973057342134,0.5168828078240465,0.25376746160253216
TSPAN7,0.22929703996981252,0.4318427540727558,0.33886020595743177
OGN,0.2291310349726914,0.5340469665543629,0.23682199847294572
BLM,0.22912194787864007,0.5725944367350505,0.19828361538630948
EPM2A,0.22848877595466366,0.5065720073892873,0.264939216656049
CCT6A,0.2282205919677655,0.46146045504512334,0.31031895298711115
VARS,0.22807373841010267,0.4142086387918113,0.357717622798086
PRR11,0.22801450140162827,0.5643253923803637,0.20766010621800804
RBCK1,0.22791788290012796,0.39818229095895197,0.37389982614092004
CENPK,0.22762528245589517,0.5418220026508562,0.23055271489324863
NME2,0.22761447610166557,0.483964274076362,0.28842124982197237
SLC25A25,0.22760779229731093,0.42968242063073725,0.3427097870719518
HBB,0.22726248879122604,0.5317530196949185,0.24098449151385548
FGF14-AS2,0.22643371735312487,0.5488596992535864,0.22470658339328878
ARHGAP11A,0.2263752071331095,0.5563400007876181,0.21728479207927234
CHTF18,0.22616536584632796,0.5257653470210509,0.2480692871326211
NOMO2,0.22612459285209985,0.5011322988898205,0.27274310825807974
HMGB3,0.22599166716891178,0.4284096962827434,0.34559863654834483
CLDN5,0.22587482535570036,0.39745314209667404,0.3766720325476256
DSN1,0.22577249464143956,0.45513280877586304,0.3190946965826974
HSPB7,0.22550886332436823,0.4802532111240226,0.29423792555160916
NR3C2,0.2249131577985423,0.5565042107685895,0.2185826314328682
DEPDC1B,0.22463939980320374,0.4417400987692949,0.3336205014275014
INTS13,0.2246113293864058,0.4726368476349144,0.3027518229786798
TBRG4,0.22436987026637042,0.48537321502124153,0.29025691471238807
EPRS,0.22399296754911627,0.49687538482428945,0.2791316476265943
FHL1,0.22374074324029702,0.414686146865042,0.36157310989466096
LIG1,0.22371267881644627,0.4596390709538934,0.3166482502296603
POC1A,0.22353048851450155,0.4963580961456433,0.2801114153398551
PPP4C,0.22239953997550066,0.4343375494121705,0.3432629106123288
C1orf112,0.22190280426177056,0.4849455434589527,0.2931516522792768
MAZ,0.22169638062799032,0.5436663327986616,0.23463728657334804
MARS,0.221669368890595,0.48438628926246946,0.2939443418469355
MMRN1,0.2215509135993664,0.4123892512746484,0.36605983512598517
NR2C2AP,0.22138525508280527,0.5022881321585237,0.276326612758671
FANCA,0.2208680628630326,0.557544533302257,0.22158740383471043
PTTG1,0.22062263409241448,0.5816578944890198,0.1977194714185657
YDJC,0.22059226982634864,0.4980706038853613,0.2813371262882901
ATOH8,0.2203889769522721,0.5404531477397911,0.2391578753079368
IL33,0.2203245183463453,0.4393388134707698,0.3403366681828849
RPUSD1,0.22021198775739179,0.5004497371001653,0.27933827514244297
PRR7,0.21967316500722198,0.5116668190271971,0.2686600159655809
HIF3A,0.21948391812151524,0.4949397111515367,0.28557637072694814
HBA2,0.21906153966832254,0.5186900082807706,0.26224845205090686
MCTS1,0.2186089343797471,0.45549101377849793,0.32590005184175497
DPP3,0.21848915172858258,0.4613530434122387,0.3201578048591787
GPIHBP1,0.2184448632955434,0.4955686781085526,0.28598645859590394
PSMG3,0.21828822122476196,0.4750809866309278,0.3066307921443102
DCN,0.2182440087401212,0.505834550875468,0.2759214403844108
NSUN5,0.21730803635173052,0.4503634096412309,0.3323285540070386
PLK4,0.21725937184402605,0.5606930838803212,0.22204754427565274
INMT,0.21646067013257858,0.49493992565738837,0.28859940421003305
MRPS34,0.216338692681571,0.47890169446449177,0.30475961285393727
H2AFX,0.21613129659274058,0.5539563195276513,0.22991238387960805
MORC2,0.21605835728751882,0.508849962151629,0.2750916805608522
PLSCR4,0.21553207839824506,0.49158790630581717,0.29288001529593777
PUS1,0.2154893317662902,0.4627799235135652,0.3217307447201446
TRPM2,0.21538736661927707,0.5206308253582029,0.26398180802251997
NUDT1,0.21525483771159099,0.5556191043198224,0.22912605796858665
MTX1,0.21522559654102058,0.3530117817538042,0.4317626217051752
CHAF1A,0.21504065152649188,0.5399815634945584,0.24497778497894976
CPED1,0.21417467229191944,0.5120198322710828,0.2738054954369978
KIF23,0.21389734631429386,0.5498205574941925,0.23628209619151375
CENPN,0.21343128591668395,0.5401345439238774,0.2464341701594386
EIF3B,0.21330450639110773,0.4722449213303228,0.31445057227856943
CCNE2,0.2130584814076916,0.5728917681585659,0.21404975043374247
SEC61G,0.21269005674820807,0.42503815949432977,0.36227178375746216
CORO2B,0.21229616956330172,0.5288980893511199,0.2588057410855784
PDIA4,0.2121697282957311,0.4910267370409251,0.2968035346633438
SNRPE,0.21209379938890943,0.46863949757234147,0.31926670303874904
NOP2,0.21158684450104845,0.4890202400915245,0.299392915407427
TRAIP,0.21108867966045272,0.5097631406394121,0.27914817970013517
ATP1A2,0.2108535496055976,0.4790129967673886,0.3101334536270138
PCNA,0.21028845843736035,0.4737053768969925,0.3160061646656471
PCGF1,0.21017535463614054,0.4652355828499605,0.32458906251389896
ALDH2,0.21003214809774023,0.528444750980144,0.2615231009221158
SEC61A1,0.21002495076123173,0.4875726974761771,0.30240235176259117
INTS7,0.20987338581716125,0.5036448370686716,0.28648177711416717
CENPL,0.2095960345458751,0.5351243184034167,0.2552796470507082
RCC1,0.20940972350141934,0.5337689113143428,0.2568213651842378
TIMM50,0.2093602790307556,0.44900391006866813,0.34163581090057626
ANKRD39,0.2091502944763745,0.39748189290340974,0.3933678126202158
PID1,0.2081721780511564,0.5521085025923469,0.23971931935649668
COA6,0.208019633530708,0.35017291097037856,0.4418074554989135
MYOM1,0.2079573951193284,0.4767252074536938,0.3153173974269778
ANK2,0.2078283213166596,0.5797898291021824,0.2123818495811581
TRIM59,0.20700834356827755,0.5877157123167583,0.2052759441149641
EIF2AK1,0.2066559021546075,0.48881453498465166,0.30452956286074084
PPP1R14A,0.20661834346110367,0.48100982714526663,0.31237182939362973
WDHD1,0.20638599835785876,0.5677446988132908,0.2258693028288504
MRGPRF,0.20614327663500617,0.5136497322006748,0.280206991164319
FOS,0.20593618954932413,0.5221161509364854,0.27194765951419037
SPAG4,0.20592920854375626,0.4511095640951295,0.34296122736111423
PRELP,0.20585408897304905,0.5226053428281904,0.27154056819876066
METTL7A,0.20570614820579053,0.6175930671117251,0.17670078468248437
NOMO1,0.2055935392807116,0.48579572114625424,0.30861073957303414
CENPO,0.20548248844004618,0.4562394159738365,0.33827809558611727
SOX12,0.20527976849361787,0.45445559314961775,0.3402646383567644
PALB2,0.20525113033806455,0.5047284573021201,0.2900204123598153
TBC1D31,0.20514293391816774,0.4991423961352958,0.29571466994653645
MYO19,0.20500565406637059,0.5257152182823859,0.26927912765124357
ADHFE1,0.20475299774743377,0.5884563976197161,0.2067906046328501
ST6GALNAC6,0.20464648039456726,0.432551382719964,0.3628021368854687
DAP3,0.20444985767945908,0.48447012447269194,0.31108001784784894
AK3,0.2042468161194844,0.4662705098090877,0.32948267407142795
SSBP1,0.2041955502999914,0.5158039219718045,0.28000052772820416
MPC1,0.20340886957209492,0.6087071538169471,0.187883976610958
CDO1,0.20324747850632574,0.6060415431344377,0.1907109783592366
NUP205,0.2030526295021493,0.5487030849284115,0.24824428556943925
PYCRL,0.20303797086421982,0.41673711017473575,0.3802249189610444
HIST1H3H,0.202478669718595,0.44191957006752497,0.35560176021388007
ZMYND19,0.2024438823965005,0.5435193951140258,0.2540367224894737
ADH1C,0.20217074589786155,0.5760232174238055,0.22180603667833304
SCAMP3,0.20187319292520906,0.3494249942978781,0.4487018127769128
LIFR,0.2015946334600619,0.5866061347506663,0.2117992317892718
PSMB4,0.20159046170459674,0.42503385597955273,0.37337568231585044
PSMB2,0.20152684314378638,0.4282788458092863,0.37019431104692724
JAM2,0.20141435363324403,0.5491546321803543,0.24943101418640162
CKAP2,0.201327469325741,0.551461398383894,0.24721113229036507
NPR1,0.20109724091057554,0.5255475427999851,0.27335521628943943
EGR1,0.20084320783394852,0.5198659550552968,0.27929083711075464
MT1E,0.20066951256957702,0.4563101268663709,0.3430203605640521
NUTF2,0.20048868150524232,0.49282656863286806,0.3066847498618896
SNRPA1,0.20024949018575422,0.49655443940060345,0.3031960704136423
PEG3,0.19970614719408192,0.5524969833816312,0.2477968694242869
DBF4,0.19956483164819178,0.5765956822898767,0.2238394860619316
CCDC167,0.19940413390816009,0.4640362890777442,0.3365595770140958
MAGI2-AS3,0.19903906073281932,0.5408849199205469,0.2600760193466337
ESM1,0.19866935606197036,0.5449907959331354,0.2563398480048943
PRDX4,0.19856698483653612,0.46134118315136097,0.34009183201210297
COPG1,0.19852389337366894,0.5299878399141296,0.2714882667122015
HELLS,0.1984848763886349,0.4904222138062111,0.31109290980515397
TRAF2,0.198220328367456,0.470668919743271,0.33111075188927297
POLD1,0.19814181264933756,0.5375487620337831,0.2643094253168794
PDZD11,0.1980306544241235,0.5257431697778189,0.27622617579805764
MOGS,0.1978745462440832,0.46244026156008256,0.3396851921958342
PARPBP,0.19783106911936688,0.5387378650322051,0.26343106584842796
BLOC1S3,0.1978259877907546,0.4818218745672657,0.3203521376419797
CENPH,0.19781499423022314,0.5778043960331417,0.22438060973663515
LEPR,0.19761641368089095,0.5219746858021136,0.2804089005169954
LMNB1,0.1975714017778789,0.5655106351986421,0.23691796302347903
C19orf48,0.19695734733731357,0.5957226617197369,0.2073199909429496
NCAPG2,0.19643918222710854,0.5363257360658779,0.2672350817070136
ZBTB16,0.1963131859942421,0.5355985880753931,0.2680882259303648
RAD54B,0.19617483660344645,0.4796450048777336,0.32418015851881987
PRKCSH,0.1958891568547256,0.4577557313464905,0.3463551117987839
MAD2L2,0.19579167521019133,0.4832203957564986,0.32098792903331
SMUG1,0.19563055123784245,0.5014938915396768,0.3028755572224807
MYDGF,0.1955970852401121,0.5057711959155019,0.29863171884438605
DCAF13,0.19550157217990083,0.47816659242626336,0.3263318353938358
DSCC1,0.19545918805365095,0.5688869337710423,0.23565387817530678
TCEAL7,0.19528498421885832,0.5463347999176563,0.2583802158634854
CAT,0.19482954588971366,0.5701498913231013,0.23502056278718497
GNG7,0.19466120605280932,0.5521795168904876,0.2531592770567031
CLN6,0.19427887079716571,0.46283848944628664,0.34288263975654765
MXD3,0.19424166433846973,0.5333303891228761,0.27242794653865415
PDCD2L,0.19412550685149,0.49034484101437603,0.3155296521341339
MIR4435-2HG,0.19402264964097457,0.5398900409911542,0.26608730936787117
AOC3,0.19383919923615678,0.5242471771038659,0.2819136236599773
SRPX,0.1935584630716705,0.5481860173186967,0.2582555196096328
PIGU,0.19341565081560913,0.4491191853214422,0.3574651638629487
TSTA3,0.1934004824798806,0.5202408028151302,0.2863587147049892
SELP,0.19310734872692845,0.46178421414538035,0.3451084371276912
HBA1,0.1930774582638734,0.5352521655983069,0.2716703761378197
GEMIN7,0.19295272609472786,0.4772582212538926,0.32978905265137953
CCNF,0.19284977819030208,0.6021974280341951,0.20495279377550285
PTRH2,0.19276890370458424,0.4938433315457803,0.3133877647496355
PSMD11,0.19272467740157093,0.47519199825715175,0.33208332434127724
MT1X,0.19229856906738102,0.4698291660684262,0.3378722648641928
TMEM220,0.19215778473566808,0.5690701126018651,0.23877210266246673
RACGAP1,0.19209117857649669,0.5852683638123162,0.22264045761118711
RP11-6N17.4,0.19202514609064938,0.4870032110164318,0.3209716428929188
CFL2,0.19174846286138683,0.46113066848760476,0.34712086865100844
BYSL,0.1912986329254168,0.5090834388427797,0.29961792823180344
TCF3,0.1912145315677471,0.5684642964292974,0.24032117200295547
IRAK1,0.19112813696432404,0.5140372849397765,0.2948345780958994
DUSP1,0.1908614525095929,0.5016101959739014,0.30752835151650565
CFD,0.19081675281477073,0.47897738311892424,0.33020586406630503
EFTUD2,0.19077249038332986,0.5060326699562218,0.3031948396604484
TEK,0.19070726215924783,0.5430208295867727,0.2662719082539795
PSMC4,0.19039978042767067,0.3874020632362494,0.42219815633607993
SLC50A1,0.19021481389995495,0.4149261262574955,0.39485905984254954
BAX,0.18999680898596638,0.5304437543992118,0.27955943661482185
SND1,0.18953386729477775,0.5072992515876875,0.3031668811175347
RSPO3,0.1893161836783486,0.49530250104674856,0.3153813152749028
GPR146,0.18930489111968937,0.43271872735226463,0.377976381528046
GEMIN6,0.1889962275551019,0.456400656545449,0.3546031158994491
CBX2,0.18891074208760414,0.4856325879525493,0.3254566699598465
BCL2L12,0.1886013130381483,0.5112397629003504,0.30015892406150124
PAICS,0.18832727971704394,0.4393508929262803,0.3723218273566757
FAAP24,0.18816283084871724,0.5459696730399913,0.26586749611129146
PVT1,0.187566850486289,0.5002963696860632,0.3121367798276478
CCL21,0.18747881664697602,0.4812728912110895,0.33124829214193446
PSMD14,0.18738379306566838,0.4710352399405443,0.3415809669937873
SERPINH1,0.18693473116652445,0.5288860981903633,0.2841791706431123
DNAJC2,0.18690119720525647,0.49059521770840564,0.3225035850863379
MYOM2,0.18682774835326332,0.575091667011773,0.2380805846349637
MMP9,0.18682394339973601,0.5573408903299357,0.2558351662703282
WDR12,0.18632858963027557,0.45553288524845365,0.3581385251212707
NFE2L3,0.18623505482944733,0.5627823624595308,0.25098258271102186
IMP4,0.18606803118358617,0.4473599843675708,0.36657198444884304
LMOD1,0.1860039197687212,0.5658454873953244,0.24815059283595442
TUBG1,0.1859855136462617,0.4738553144752585,0.3401591718784797
CBX4,0.18580057371914327,0.43202382350535756,0.38217560277549917
TMEM220-AS1,0.18578897156501503,0.5638584792709451,0.2503525491640398
AQP7,0.18564245885644887,0.5538431004306661,0.26051444071288504
ELOC,0.18544047491699678,0.47093287047261473,0.34362665461038844
FREM1,0.18538070950443825,0.5444509702271805,0.2701683202683812
NOP56,0.1852205563273077,0.5212380417241446,0.2935414019485477
SAPCD2,0.1852074372054428,0.5957464239759794,0.21904613881857776
EFNA3,0.18509502684892903,0.5868023748377361,0.22810259831333488
LIMK1,0.18508988538649201,0.6178257750473889,0.1970843395661191
SOD3,0.18493542246682432,0.500591890217191,0.31447268731598466
ZNF668,0.18462393762191825,0.5509068180198291,0.2644692443582526
AOX1,0.18449737156061136,0.6125463561131174,0.20295627232627125
C11orf98,0.18444885049495904,0.49766154600799156,0.3178896034970494
HGS,0.184433098916815,0.48766754167108406,0.32789935941210097
DIO3OS,0.18403786023945198,0.5081825151624149,0.3077796245981332
MCM4,0.18403349888700907,0.5364554054139705,0.2795110956990204
RCAN1,0.18392770757076848,0.5124808770945802,0.3035914153346513
NABP2,0.18371096523666372,0.4852530171136494,0.3310360176496869
SELENBP1,0.183415559560469,0.5456726561913614,0.2709117842481696
ARPC1A,0.1833232633937872,0.4704475296569693,0.3462292069492435
MCM7,0.18327222691679323,0.5100398134877069,0.3066879595954998
PPAT,0.18320839150308885,0.47208696912964493,0.34470463936726625
B4GALT3,0.18292489617206373,0.49733893466205736,0.3197361691658789
IL11RA,0.18279629648609744,0.5724791837039859,0.24472451980991672
HSPA4,0.18268999195666308,0.4848780030554763,0.33243200498786063
FGL2,0.18268803819114326,0.5719215282429172,0.2453904335659395
AP1S1,0.18235975146066052,0.5241300893281999,0.2935101592111395
HAGHL,0.18229054606259198,0.5363278216746291,0.2813816322627789
SNRPF,0.18220767927624643,0.5251095394894507,0.29268278123430286
GMPS,0.1821875569976677,0.5568043806524535,0.26100806234987883
NAA10,0.18214387423916836,0.46907746313891274,0.3487786626219189
YIF1B,0.18199226484821243,0.45009460155502873,0.36791313359675887
FMO2,0.1819155718477812,0.6068417829318782,0.21124264522034064
XPO6,0.1819079806117135,0.5413583855046887,0.27673363388359773
SOCS2,0.18144009572141817,0.5273027011700275,0.29125720310855424
ASPHD1,0.18134308434440224,0.5035538199861591,0.31510309566943867
P4HB,0.18120517571554107,0.5284562351042569,0.29033858918020206
P3H4,0.1810214841097465,0.505359735533658,0.31361878035659546
NAT10,0.18100369943420064,0.5371002756760609,0.2818960248897384
MRPS12,0.18087322667139075,0.5072471736165091,0.3118795997121002
MTHFD1L,0.18076734514507517,0.5583357961966428,0.2608968586582821
SAMD1,0.1806471705103074,0.5204648246536058,0.2988880048360868
PFDN2,0.18064690888269017,0.4791742409367075,0.34017885018060234
FANCD2,0.18010197236587358,0.5479625641811812,0.2719354634529452
GINS4,0.1800830570154059,0.49073259224644117,0.32918435073815294
CBX7,0.18007594424867793,0.5499455697977188,0.2699784859536033
ZFP36,0.17999328978060794,0.5023504097193732,0.317656300500019
XPO5,0.17992904472751942,0.5054997783965699,0.3145711768759107
AATF,0.17986667476653115,0.4648288050431639,0.35530452019030495
AC002398.12,0.17971416919707395,0.5123339639248639,0.3079518668780622
CHAF1B,0.1796689939304868,0.5635485576516152,0.2567824484178981
ITM2A,0.17965635062893084,0.5603637863802954,0.2599798629907738
WDR74,0.17935012112584753,0.4765676329688129,0.34408224590533953
C16orf86,0.17923787912327055,0.5646760959902631,0.2560860248864663
SLC35A2,0.1791313325379781,0.43881450223700874,0.3820541652250131
UGGT1,0.17912879567126744,0.46911606059668143,0.35175514373205113
TMEM100,0.17899824416696772,0.46847328472841926,0.35252847110461305
PTGDS,0.17849945406489318,0.537447001715313,0.2840535442197938
SLC38A7,0.17848836814335226,0.43510180879497345,0.3864098230616742
PSMB3,0.17829748249733457,0.4183763353099643,0.4033261821927011
KANK3,0.1779612605153011,0.43728961843065844,0.3847491210540404
NCLN,0.17770155449549502,0.5164234569103467,0.30587498859415824
YIF1A,0.17714962689086347,0.5183075002880945,0.30454287282104203
THOC6,0.17713069988408067,0.5006583449418265,0.3222109551740929
CCDC34,0.177110567479964,0.49652181283386115,0.32636761968617484
PTH1R,0.17706964623266083,0.62902283782859,0.19390751593874908
KIAA1524,0.17705968220072454,0.5279612690278958,0.2949790487713797
IPO9,0.17689786195328655,0.48513598960958015,0.3379661484371333
LSM4,0.17687654133612873,0.4563495042802049,0.3667739543836664
KRTCAP2,0.1767244285200882,0.47996511349131793,0.3433104579885939
RUVBL2,0.17663473193576995,0.4832029442437872,0.3401623238204428
CNPY2,0.1766080896708755,0.5683951390401872,0.25499677128893733
SYNE1,0.17638873841383665,0.5808092940234404,0.24280196756272293
NOP16,0.17634552695679415,0.5296954711856519,0.29395900185755397
SNRPD1,0.17588472333185398,0.5382845023541016,0.28583077431404436
CCT5,0.17554126664491118,0.516046819382114,0.3084119139729748
RRS1,0.17538126278398572,0.5089628086395627,0.31565592857645164
CPEB3,0.17530475145604246,0.5395630662348401,0.2851321823091175
MCM6,0.17530413782901708,0.5529677250195488,0.2717281371514341
ARFGAP1,0.1751690039764056,0.5066958295166375,0.3181351665069569
INTS8,0.17508762297274488,0.6058613875754081,0.21905098945184698
ATP1B2,0.17507807718177398,0.5855269521437058,0.23939497067452023
GPI,0.17507401355118887,0.5303490049083348,0.29457698154047635
NR4A3,0.17480265203587722,0.558171909960645,0.2670254380034777
SLC35B1,0.17478625718349114,0.41924306933931443,0.40597067347719445
TCOF1,0.1747596954910212,0.5224684369511902,0.3027718675577886
TAF10,0.17466721493667217,0.4807120071309165,0.3446207779324113
PCOLCE2,0.1745222529488906,0.4596009726280606,0.3658767744230488
DHX37,0.17442823684154057,0.48740882720621714,0.3381629359522422
SCNM1,0.17436680284792727,0.4834017724224803,0.34223142472959245
PPM1G,0.17429196441559686,0.48763515295400317,0.3380728826304
YARS2,0.1740174074572485,0.5421293631886869,0.2838532293540646
PAM16,0.17393091135754093,0.5399558944100843,0.2861131942323748
SPATS2,0.1736001552102763,0.5705572247836406,0.25584262000608315
PSMA1,0.17356743094550872,0.4983695025760249,0.32806306647846634
MTURN,0.1735119415970916,0.576949657211525,0.2495384011913834
PYCR1,0.1734604323120116,0.6548289649951848,0.1717106026928035
COLGALT1,0.17310767268710056,0.580474295814595,0.24641803149830455
CKS1B,0.173070251515298,0.47301683632248265,0.35391291216221926
BID,0.17287784489465013,0.5346684770386547,0.2924536780666952
DENND2A,0.17263665699543526,0.5178215741209878,0.30954176888357693
E2F3,0.17260820446181385,0.5485880648387434,0.2788037306994427
SHCBP1,0.172382711453979,0.5351825288028159,0.29243475974320515
PER1,0.17231668450355628,0.5811481233481525,0.24653519214829128
DDX49,0.1722600184978798,0.49880132909113295,0.3289386524109873
TFAP4,0.1722454982093604,0.5244395951898226,0.30331490660081706
MRPL9,0.17222710424382245,0.49025371234649484,0.33751918340968273
RABIF,0.1720177267644235,0.48680013047793835,0.34118214275763814
SVEP1,0.17191927924114764,0.5571878315762524,0.27089288918259996
EARS2,0.17185822357761418,0.5504432460031352,0.2776985304192507
ASCC3,0.1718547092713739,0.5413778288699128,0.2867674618587134
C8orf76,0.1716064878142353,0.49720919338540315,0.33118431880036153
COA4,0.17136330736582717,0.43553744507871134,0.39309924755546155
KLF15,0.17070400542629113,0.6094165248399469,0.21987946973376193
FAM136A,0.17066687134665795,0.4502825119472918,0.3790506167060502
CHPF,0.17063134901326238,0.472696752405712,0.35667189858102555
TFG,0.17053735386199856,0.42244596248358707,0.4070166836544143
RNF187,0.17037805615951235,0.5636325697450542,0.2659893740954335
UBE2I,0.1699050971936691,0.6171434369102303,0.2129514658961006
DNAJB11,0.16975997165055876,0.48832083032319107,0.34191919802625015
TPI1,0.16969938344118124,0.5809106749659839,0.24938994159283479
FAM72A,0.1695940614372638,0.5482687768986293,0.28213716166410685
ALAD,0.16956932037439162,0.5713174897506217,0.25911318987498666
HSPE1,0.1694479781536129,0.46312797559913865,0.36742404624724845
SHARPIN,0.16944347598869947,0.45163276984831807,0.37892375416298246
DLEU2,0.1694267730103195,0.5131233056723555,0.31744992131732497
KCTD13,0.16896045277153715,0.5579781642833022,0.27306138294516075
FANCG,0.16867562651070958,0.5472880267883815,0.28403634670090894
RANBP1,0.16867398879806833,0.4696455757705572,0.3616804354313745
SRM,0.16853007507377485,0.5606727297926175,0.27079719513360767
HN1,0.16846483417233146,0.5512757170843596,0.28025944874330894
PPP1R1A,0.16829578251371136,0.5904926717436888,0.24121154574259984
PHF14,0.1680572545605536,0.5313375418682372,0.3006052035712091
FRY,0.16770955266312587,0.5169108078423189,0.3153796394945552
EMCN,0.16755488664761092,0.5676994232296556,0.2647456901227335
MEX3D,0.16743017113218825,0.5745461531567405,0.2580236757110712
IDNK,0.16742115689028744,0.5605897401459017,0.2719891029638109
SCNN1B,0.16716827736201276,0.5199445545122511,0.31288716812573625
PSMD4,0.16708823781150292,0.463447185414892,0.36946457677360506
SPRY2,0.16702868978056173,0.4434283388965509,0.3895429713228874
ADAM33,0.1669104846872913,0.6400810231695775,0.19300849214313123
SLC25A39,0.16681943306055208,0.5039251944561421,0.3292553724833058
DUXAP8,0.16677457526327885,0.5776429719918379,0.2555824527448833
TNS1,0.16662129042524104,0.5448667263907856,0.2885119831839734
RBM28,0.16651780188334736,0.4992321303027267,0.3342500678139259
FERMT2,0.16626906605883607,0.5240292123138889,0.3097017216272751
KLF2,0.16624339265113347,0.5351812665458245,0.29857534080304193
POLD2,0.16609258013311032,0.45639212441786214,0.37751529544902757
CAD,0.16587233124863465,0.5133519339578533,0.32077573479351207
TRIM11,0.16575225812050676,0.5574503637528037,0.27679737812668964
RAN,0.16571189454756394,0.5658675458868406,0.26842055956559546
CLDN11,0.1656654611361359,0.5323372272390225,0.30199731162484156
AEN,0.16564181698636282,0.44438787893829196,0.3899703040753453
RP11-196G18.22,0.16564062111561476,0.566583290303024,0.2677760885813613
PLEKHN1,0.16559619103612716,0.5854936580729652,0.24891015089090765
EFNA4,0.1655922862018395,0.5367316238425281,0.2976760899556323
MRPL51,0.16548415854712864,0.5186160020545144,0.315899839398357
ABI3BP,0.16540034879062707,0.5508746092908979,0.283725041918475
ALG8,0.16521875727917837,0.5460183068882808,0.2887629358325408
NIFK,0.16517005865044349,0.5569173949395424,0.27791254641001406
FXYD6,0.1649875684801871,0.5444871367744214,0.2905252947453915
AVL9,0.16475858693647494,0.5551833803182937,0.2800580327452313
RNF150,0.164733303160975,0.5911114374703113,0.24415525936871368
SEMA3G,0.16448326294138846,0.520338744175459,0.31517799288315257
CPSF3,0.16429196126736573,0.5387943347773986,0.29691370395523575
TARS2,0.16425969805747764,0.47236855495322494,0.3633717469892974
NUP155,0.16421587020714137,0.5522133641634867,0.28357076562937195
RIC3,0.16417385229079587,0.5938589436512078,0.24196720405799627
FAM110D,0.16415440426861871,0.4688323393280561,0.36701325640332516
METTL1,0.164068484619851,0.49227691861083,0.34365459676931903
ABCA6,0.16401524617655872,0.6368354879952947,0.19914926582814657
CDCA4,0.16394644476990353,0.6194846286196478,0.2165689266104487
ZNF581,0.16392859536602886,0.5519464938140073,0.2841249108199638
LRRC59,0.16386144584785206,0.5212444441207047,0.31489411003144324
C17orf62,0.16384774085153692,0.5174347798553856,0.3187174792930776
USP2,0.16380341377414698,0.6271954940165335,0.2090010922093195
FOXO1,0.1637454200833893,0.516249150188185,0.32000542972842577
DNAJC9,0.16371650457490647,0.5700679633227436,0.26621553210235
RP11-295G20.2,0.16366307340519323,0.44460237535079006,0.3917345512440167
LOXL2,0.1635316682765223,0.5368680759572492,0.2996002557662285
MATN2,0.1634670192682695,0.5245136766397059,0.31201930409202455
CDKN1C,0.16345980854967657,0.5471119025972022,0.28942828885312116
NUDT5,0.16345362968207702,0.4463865466514093,0.39015982366651364
ENSG00000261740.5,0.1632678927524117,0.593324788259008,0.24340731898858023
COL1A1,0.16323224895750907,0.5945121589062372,0.24225559213625372
MT1A,0.16313693089272086,0.5238228327688289,0.3130402363384502
DROSHA,0.16312767852181354,0.5529214271594399,0.28395089431874654
SAAL1,0.16291822066101605,0.5526538545734593,0.28442792476552464
SEZ6L2,0.16258180719637788,0.5639212360915181,0.27349695671210406
FLVCR1,0.16257375587637826,0.4956383846362122,0.34178785948740953
DPM2,0.16256869758594159,0.5124711813140848,0.32496012109997363
TUBB,0.1624775016595936,0.5390578930493054,0.29846460529110097
RHBDF2,0.16244980448029192,0.5557823177070114,0.28176787781269674
FABP4,0.16233045666138113,0.5572867063487451,0.2803828369898737
H2AFV,0.16229329233624257,0.4989086794469942,0.33879802821676325
ALG1,0.16212068652962447,0.49011176951271807,0.34776754395765747
RGS2,0.16167452310349412,0.5703378509601142,0.26798762593639164
ZFP64,0.16144680611879011,0.5379634476196579,0.3005897462615521
NONO,0.16137779105408648,0.5287044047358536,0.30991780421005993
DES,0.16134248941178075,0.6781292884693919,0.16052822211882728
NR4A1,0.16133825717543557,0.5727193279550427,0.2659424148695218
ALDH1A2,0.16129967693795794,0.6072418135654474,0.23145850949659463
NUP62,0.1612595034816004,0.541506051041407,0.2972344454769926
ADRM1,0.16119406744122414,0.5198494148534466,0.3189565177053293
TLCD1,0.1611380255052241,0.40909354162765743,0.4297684328671185
CHEK2,0.16105044076664315,0.5686255380957019,0.2703240211376549
CAND2,0.160913030800412,0.5308842970306008,0.3082026721689872
CASQ2,0.16063342115558524,0.47934135714298,0.3600252217014348
LMNB2,0.16053231446065033,0.612657877118209,0.22680980842114074
MUSTN1,0.16031839176884785,0.45701182752891784,0.38266978070223434
AGTR1,0.16024741591946423,0.5998965114461161,0.23985607263441966
B3GNTL1,0.16009672669386113,0.5214595778764012,0.31844369542973766
DNMT1,0.15995792298224615,0.6022712443731181,0.23777083264463575
GRASP,0.15994768087700537,0.48095139920447666,0.359100919918518
COX7A1,0.15990701175170247,0.569608099207813,0.2704848890404846
